RS03INT1-MJ03C-07-D1000A301,10/11/2021: no recent evaluation
